8.18	0.01	5       0.5
11.33	0.01	8.5	0.5
15.02	0.01	10	0.5
17.17	0.01	11	0.5
19.00	0.01	12	0.5
21.99	0.01	13	0.5
22.43	0.01	15	0.5
24.26	0.01	18	0.5
25.28	0.01    20      0.5
28.21   0.01    23      0.5
7.99    0.01    7       0.5
10.25   0.01    10      0.5
12.82   0.01	12      0.5
14.52   0.01    13      0.5
16.47   0.01    18      0.5
19.95   0.01    20      0.5
22.12   0.01    22      0.5
23.90   0.01    23      0.5
25.50   0.01    25      0.5
28.62   0.01    27      0.5
7.64    0.01    2       0.5
11.12   0.01    4       0.5
13.63   0.01    7       0.5
15.72   0.01    8       0.5
19.00   0.01    10      0.5
22.38   0.01    12      0.5
24.95   0.01    13      0.5
26.85   0.01    14      0.5
27.23   0.01    15      0.5
29.37   0.01    17      0.5