Chrominium 

31.554 ohm


B=84.9 mT +/ 0.1

Current(mA)	Hall Voltage(mV)	UN(mV)
5.95		14			1
8.11		17			1
11.69		24			1
13.15		26			1
15.30		32			1
17.12		36			1
18.93		39			1
20.50		43			1
22.18		45			1	
24.25		50			1

B=105.4 mT +/- 0.1

Current(mA)	UI(mA)		Hall Voltage(mV)	UN(mV)	
5.56	0.1	1	1
6.36	0.1	2	1
9.56	0.1	4	1
11.21	0.1	7	1
14.64	0.1	11	1
16.56	0.1	14	1
18.07	0.1	19	1
20.57	0.1	21	1
22.68	0.1	23	1
25.43	0.1	24	1

B=310 mT +\- 0.1

10.79	0.1	12	1
14.74	0.1	16	1
16.72	0.1	17	1
17.75	0.1	18	1
19.67	0.1	21	1
20.99	0.1	22	1
22.13	0.1	23	1
24.61	0.1	25	1
25.67	0.1	26	1
28.98	0.1	28	1

Silver 

2.217 ohms

B=800 mT

(microVolts not Millivolts!)

8.18, 0.01, 5,  0.5
11.33, 0.01, 8.5, 0.5
15.02, 0.01, 10, 0.5
17.17, 0.01, 11, 0.5
19.00, 0.01, 12, 0.5
21.99, 0.01, 13, 0.5
22.43, 0.01, 15, 0.5
24.26, 0.01, 18, 0.5
25.28, 0.01, 20, 0.5
28.21, 0.01, 23, 0.5

B=587 mT

7.99, 0.01, 7, 0.5
10.25, 0.01, 10, 0.5
12.82, 0.01, 12, 0.5
14.52, 0.01, 13, 0.5
16.47, 0.01, 18, 0.5
19.95, 0.01, 20, 0.5
22.12, 0.01, 22, 0.5
23.90, 0.01, 23, 0.5
25.50, 0.01, 25, 0.5
28.62, 0.01, 27, 0.5

B= 355 mT
7.64, 0.01, 2, 0.5
11.12, 0.01, 4, 0.5
13.63, 0.01, 7, 0.5
15.72, 0.01, 8, 0.5
19.00, 0.01, 10, 0.5
22.38, 0.01, 12, 0.5
24.95, 0.01, 13, 0.5
26.85, 0.01, 14, 0.5
27.23, 0.01, 15, 0.5
29.37, 0.01, 17, 0.5



 



